463
159
775
563
276
708
982
155
288
781
623
898
454
579
225
559
684
264
545
195
91
480
966
542
605
920
333
929
255
193
546
132
589
115
737
912
947
766
110
616
258
108
0
224
804
78
484
930
922
8
102
314
965
191
162
774
371
793
498
213
319
234
867
513
958
111
766
511
492
791
10
750
516
573
938
6
886
832
369
361
459
552
184
689
27
3
490
691
696
99
216
56
288
715
648
543
582
406
992
553
775
824
645
605
227
434
281
343
787
883
423
915
920
728
211
481
822
838
205
65
289
120
193
4
499
816
865
861
95
60
496
429
169
106
314
300
230
523
315
604
203
738
965
831
582
45
407
933
107
137
752
49
895
213
206
499
720
151
754
163
689
92
895
748
674
396
202
800
551
436
65
966
205
260
547
970
874
218
463
963
192
98
303
314
195
945
792
58
972
122
572
69
813
504
717
639
102
239
530
535
309
738
10
364
723
618
657
226
906
815
251
299
609
96
157
286
350
483
620
120
287
600
855
209
145
686
84
835
854
672
826
372
528
663
733
358
227
809
152
409
508
549
98
642
617
798
500
972
688
735
41
48
943
411
662
31
329
702
191
50
777
875
803
436
324
824
990
399
120
248
936
106
292
681
98
372
32
472
34
893
40
751
303
794
643
150
305
835
991
952
86
130
599
259
358
268
7
423
709
14
338
916
372
9
235
67
986
282
899
986
961
611
214
870
953
724
154
798
74
524
510
718
257
502
452
499
175
847
565
469
412
395
653
588
937
221
283
325
56
853
484
996
842
351
120
131
912
101
907
670
439
585
74
85
507
396
969
7
453
946
43
497
564
903
190
612
608
30
468
634
631
562
109
825
807
228
34
423
719
730
49
167
254
787
494
738
647
360
476
344
234
339
324
288
347
980
644
764
494
655
49
662
589
722
316
542
633
559
510
907
459
261
454
851
437
101
292
145
472
561
749
78
855
361
797
101
361
971
711
671
202
475
176
121
429
361
854
720
193
789
436
178
865
659
193
336
644
349
562
615
555
361
869
582
8
311
422
901
750
356
217
290
441
215
565
456
399
639
14
393
753
501
734
686
91
323
959
495
434
70
90
735
323
691
649
269
914
202
691
97
254
894
463
966
367
617
699
154
169
289
783
705
647
30
203
910
668
375
947
477
417
110
260
684
954
704
146
774
113
361
983
278
686
173
272
547
163
76
47
191
553
606
336
743
804
173
11
790
128
604
694
53
891
434
210
932
557
209
756
578
359
376
811
456
336
76
245
70
362
755
802
102
789
465
356
74
648
500
327
904
814
572
378
771
471
667
775
812
164
400
390
566
144
889
467
318
802
652
721
512
401
668
638
185
862
873
696
459
853
755
599
912
351
380
67
421
203
843
686
470
18
362
232
34
316
742
561
969
741
901
951
109
920
237
987
326
383
558
855
269
464
864
978
736
311
591
435
333
666
896
549
703
666
864
579
634
327
961
949
693
53
967
969
736
297
823
339
963
515
94
807
89
886
33
384
13
535
819
423
974
567
356
89
166
344
943
265
760
581
99
565
209
988
237
678
863
922
725
55
670
454
59
644
10
230
448
717
289
648
477
366
373
316
781
160
460
174
761
162
880
407
417
641
932
675
864
641
569
704
162
201
873
957
734
564
121
522
72
718
472
237
176
79
857
96
400
31
606
654
262
270
300
137
420
823
742
584
182
79
122
326
712
910
200
420
823
684
682
283
37
963
37
209
299
386
608
922
491
437
384
950
99
883
881
799
234
679
755
407
544
572
638
731
740
750
951
15
728
186
494
963
140
514
486
831
224
625
529
182
969
904
70
494
362
339
187
928
337
109
593
869
66
974
286
346
287
624
204
367
843
297
964
746
925
708
562
932
711
594
933
170
710
837
32
372
575
855
583
983
134
142
665
965
782
30
577
549
936
678
45
286
390
600
352
210
879
587
716
796
950
466
548
110
83
883
719
27
492
939
766
880
878
631
951
118
707
202
214
871
152
743
431
54
288
176
718
360
209
483
330
219
767
148
332
162
218
62
524
750
169
887
247
145
445
340
782
768
310
201
3
440
593
777
180
758
562
80
56
516
730
239
190
251
489
614
614
922
487
169
22
479
825
865
265
168
449
930
137
886
904
729
336
153
892
849
586
173
782
648
120
569
341
577
718
102
978
678
44
910
716
938
96
395
989
61
647
79
211
335
931
909
436
922
742
101
414
121
175
698
33
135
443
96
605
108
453
740
313
735
860
536
611
489
434
825
429
439
113
738
73
