850
540
818
898
151
164
14
457
381
92
159
879
489
321
717
244
54
277
486
617
228
689
85
638
681
176
969
999
248
702
661
121
106
872
401
613
580
314
671
796
625
779
526
541
787
797
438
380
13
572
581
824
991
830
418
435
239
701
826
525
807
612
313
872
965
170
499
72
492
993
569
638
393
319
933
764
658
630
607
359
785
605
546
118
791
17
274
643
293
999
35
37
651
807
341
684
340
438
382
615
323
228
356
790
848
940
209
764
356
564
803
468
83
395
633
748
931
594
285
728
736
758
979
138
467
606
446
356
142
363
651
655
395
117
402
2
197
316
5
899
118
684
753
48
647
513
273
916
306
297
649
411
870
616
482
195
756
636
960
625
213
461
817
700
30
151
330
746
211
761
80
213
935
305
794
935
748
610
736
376
736
496
666
810
309
294
507
532
642
190
611
23
29
109
676
650
739
485
176
834
131
432
28
383
27
921
573
873
707
67
853
563
639
610
138
668
521
990
524
264
637
902
781
967
669
946
994
887
997
640
659
389
473
31
919
585
530
733
481
400
943
282
278
766
534
228
129
187
517
518
57
310
874
241
752
571
555
158
984
645
97
153
58
668
227
513
371
762
892
233
330
700
33
77
814
822
874
415
593
958
187
706
905
50
283
312
434
670
463
148
89
170
593
669
209
221
946
300
549
804
462
355
769
944
293
747
277
862
713
708
362
486
770
552
540
153
239
490
86
582
299
69
563
159
813
972
114
906
237
493
587
147
807
699
934
583
383
219
415
576
704
309
998
818
983
621
181
61
149
353
526
81
151
755
355
992
966
456
659
253
142
594
938
269
218
316
835
131
422
859
385
525
931
964
9
759
286
211
43
632
517
441
329
100
107
517
793
238
323
541
954
670
914
226
146
601
933
561
991
910
135
398
269
983
68
36
927
200
791
761
262
447
946
331
510
647
342
321
567
961
985
530
775
997
686
368
548
355
564
510
793
272
510
483
147
813
378
269
750
27
317
22
994
273
612
528
197
458
974
850
516
297
732
401
631
916
539
577
400
752
228
449
110
793
476
371
224
883
37
743
249
143
94
473
194
188
685
666
795
860
192
939
714
824
448
53
932
696
460
729
931
167
895
926
631
941
106
235
499
514
292
523
635
79
604
501
566
867
217
538
137
361
156
892
355
216
640
479
783
796
697
755
814
681
429
864
449
711
833
614
495
459
953
493
91
700
74
824
194
529
974
428
116
466
155
179
942
681
526
393
881
811
10
888
579
541
848
254
380
743
188
479
530
929
718
890
668
519
103
677
344
40
738
272
320
211
549
5
276
685
216
789
31
266
311
904
435
39
284
899
520
401
559
439
45
139
820
20
42
103
949
247
943
677
558
128
141
921
973
267
744
460
468
945
772
757
202
879
25
290
152
737
546
332
469
566
481
904
522
677
639
69
943
865
235
59
460
462
881
690
309
384
410
800
526
373
621
944
913
938
614
428
31
222
243
997
869
361
209
757
933
739
614
193
565
447
113
730
115
758
341
87
932
512
405
635
548
200
424
886
122
517
186
710
741
274
785
673
959
332
4
112
657
471
205
107
647
694
626
903
965
933
404
584
723
625
120
903
103
502
324
227
180
625
986
27
136
299
241
427
21
720
579
958
776
6
945
91
237
544
160
870
300
81
101
197
352
992
694
194
266
68
844
727
228
610
968
330
103
770
828
564
774
837
664
586
669
525
230
474
594
377
800
568
803
22
668
867
332
519
315
684
777
118
578
646
706
930
688
463
265
877
397
49
753
546
135
858
152
626
764
119
838
477
358
803
40
174
88
50
338
480
805
860
800
450
1
467
758
426
108
910
894
743
661
399
198
360
697
501
464
385
359
518
737
240
591
639
413
239
628
30
302
118
22
519
748
536
886
476
33
599
835
944
525
706
656
548
971
678
618
947
574
610
595
974
143
649
82
444
73
211
858
468
773
630
550
561
704
58
841
686
379
395
280
696
788
170
949
185
987
643
10
203
323
781
856
391
569
491
303
97
285
186
662
656
49
32
199
67
912
384
457
603
931
992
245
628
937
518
74
70
673
133
167
252
903
188
213
152
417
832
351
857
750
510
731
4
572
400
802
152
859
486
565
348
93
83
437
919
589
596
714
811
934
381
443
497
159
755
687
600
339
250
864
388
387
720
55
251
107
990
807
117
434
802
110
624
921
176
408
256
174
259
120
624
148
723
195
737
233
62
358
617
256
312
607
445
71
820
893
891
172
740
185
378
672
533
141
29
